              precision    recall  f1-score   support

           A       1.00      1.00      1.00       100
           B       0.98      0.99      0.99       100
           C       1.00      0.99      0.99       100
           D       1.00      1.00      1.00       100
           E       0.99      0.96      0.97       100
           F       1.00      0.98      0.99       100
           G       1.00      1.00      1.00       100
           H       1.00      0.99      0.99       100
           I       0.99      0.99      0.99       100
           J       0.99      1.00      1.00       100
           K       0.94      1.00      0.97       100
           L       1.00      1.00      1.00       100
           M       1.00      1.00      1.00       100
           N       1.00      1.00      1.00       100
           O       1.00      1.00      1.00       100
           P       1.00      1.00      1.00       100
           Q       0.99      1.00      1.00       100
           R       0.99      0.99      0.99       100
           S       0.99      1.00      1.00       100
           T       1.00      1.00      1.00       100
           U       0.99      1.00      1.00       100
           V       1.00      0.93      0.96       100
           W       0.97      1.00      0.99       100
           X       1.00      1.00      1.00       100
           Y       1.00      1.00      1.00       100
           Z       1.00      1.00      1.00       100

    accuracy                           0.99      2600
   macro avg       0.99      0.99      0.99      2600
weighted avg       0.99      0.99      0.99      2600
