              precision    recall  f1-score   support

           A       1.00      1.00      1.00       100
           B       1.00      1.00      1.00       100
           C       1.00      1.00      1.00       100
           D       1.00      1.00      1.00       100
           E       1.00      1.00      1.00       100
           F       1.00      1.00      1.00       100
           G       1.00      1.00      1.00       100
           H       1.00      1.00      1.00       100
           I       1.00      1.00      1.00       100
           J       1.00      1.00      1.00       100
           K       1.00      1.00      1.00       100
           L       1.00      1.00      1.00       100
           M       1.00      1.00      1.00       100
           N       1.00      1.00      1.00       100
           O       1.00      1.00      1.00       100
           P       1.00      1.00      1.00       100
           Q       1.00      1.00      1.00       100
           R       1.00      1.00      1.00       100
           S       1.00      1.00      1.00       100
           T       1.00      1.00      1.00       100
           U       1.00      1.00      1.00       100
           V       1.00      1.00      1.00       100
           W       1.00      1.00      1.00       100
           X       1.00      1.00      1.00       100
           Y       1.00      1.00      1.00       100
           Z       1.00      1.00      1.00       100

    accuracy                           1.00      2600
   macro avg       1.00      1.00      1.00      2600
weighted avg       1.00      1.00      1.00      2600
